Matrix size [10, 5]
0.985386
-0.00683172 -0.0115425 0.00784131 -0.00617549 0.00833539 

0.742601
-0.146656 -0.313695 0.18057 -0.151094 0.190682 

0.559854
-0.249277 -0.534464 0.323012 -0.275874 0.361196 

0.422161
-0.327509 -0.688261 0.444155 -0.394039 0.524704 

0.318362
-0.390471 -0.780284 0.548856 -0.513964 0.678506 

0.240093
-0.444676 -0.815269 0.642189 -0.643233 0.819837 

0.181063
-0.494723 -0.799883 0.730047 -0.788952 0.947985 

0.136539
-0.543496 -0.743134 0.817743 -0.955524 1.06377 

0.102951
-0.59148 -0.657991 0.906627 -1.13853 1.16709 

0.0776151
-0.634275 -0.568132 0.987159 -1.31026 1.25217 

rd_total 0.034674 s
rb_total 0.000102 s
lhs_total 0.007396 s
rhs_total 0.000197 s
dz_total 0.034093 s
dl_total 0.000147 s
dt_total 0.000054 s
Total_time 0.076940 s
